4294967294,403
4294967294,420
4294967294,465
4294967294,412
4294967294,408
4294967279,197
4294967278,195
4294967279,195
4294967279,97
4294967279,96
4294967279,95
4294967279,94
4294967279,93
4294967279,92
4294967279,91
4294967279,90
4294967279,89
4294967279,87
4294967279,86
4294967279,85
4294967279,84
4294967279,83
4294967279,82
4294967279,81
4294967279,72
4294967279,70
4294967279,68
4294967279,67
4294967279,66
4294967279,174
4294967279,260
4294967279,64
4294967279,63
4294967279,62
4294967279,61
4294967279,60
4294967279,59
4294967279,55
4294967279,54
4294967279,53
4294967279,79
4294967279,193
4294967279,80
4294967278,313
4294967279,77
4294967279,191
4294967279,78
4294967279,76
4294967279,190
4294967279,417
4294967279,75
4294967279,65
4294967279,74
4294967278,186
4294967279,73
4294967279,309
4294967278,310
4294967279,71
4294967279,308
4294967278,309
4294967279,69
4294967279,307
4294967279,182
79,5
79,4
79,2
79,1
4294967279,306
4294967279,178
4294967278,176
4294967278,175
4294967278,173
4294967279,175
77,4
77,3
77,2
77,1
4294967279,172
4294967278,170
4294967279,58
4294967278,168
4294967279,57
4294967279,56
4294967279,303
4294967278,166
4294967278,165
4294967278,302
4294967278,301
4294967279,454
4294967278,389
4294967279,163
4294967278,161
4294967278,159
4294967279,298
4294967278,362
4294967278,157
4294967278,388
4294967279,296
4294967278,296
4294967279,402
4294967279,404
4294967278,387
4294967278,357
4294967279,143
4294967279,132
4294967279,131
4294967279,130
4294967279,129
4294967279,128
4294967279,127
4294967279,126
4294967279,125
4294967279,124
4294967279,123
4294967279,122
4294967279,121
4294967279,120
4294967279,119
4294967279,118
4294967279,117
4294967279,116
4294967279,115
4294967279,114
4294967279,113
4294967279,112
4294967279,111
4294967279,110
4294967279,109
4294967279,108
4294967279,107
4294967279,106
4294967279,105
4294967279,104
4294967279,103
4294967279,102
4294967279,101
4294967279,100
4294967279,99
4294967279,98
4294967294,1248
4294967294,1075
4294967294,1154
4294967294,1076
4294967294,1085
4294967294,162
4294967294,1084
4294967294,387
4294967278,292
4294967279,279
4294967278,136
4294967279,277
4294967278,134
4294967278,133
73,5
73,4
73,2
73,1
4294967279,273
71,4
71,3
71,2
71,1
4294967279,268
4294967278,356
4294967279,286
4294967279,453
4294967278,331
4294967278,279
4294967279,452
4294967278,262
4294967279,285
4294967279,258
4294967294,89
4294967278,354
4294967279,255
4294967279,451
70,5
70,4
70,2
70,1
4294967278,351
4294967279,429
4294967278,254
4294967279,254
4294967278,253
4294967294,409
4294967294,399
4294967294,187
4294967294,178
4294967294,421
4294967294,407
4294967294,167
4294967294,415
4294967294,1078
4294967294,411
4294967294,425
4294967294,398
4294967294,457
4294967294,467
4294967294,191
4294967294,116
4294967294,119
4294967294,112
68,4
68,3
68,2
68,1
4294967279,248
4294967278,246
4294967278,243
4294967279,245
4294967279,243
4294967278,241
4294967279,241
4294967278,237
4294967278,349
4294967279,233
4294967278,231
4294967294,114
4294967294,120
4294967279,226
4294967279,220
67,5
67,4
67,2
67,1
4294967279,212
65,4
65,3
65,2
65,1
4294967278,207
4294967294,388
4294967278,386
4294967278,318
4294967279,424
4294967278,385
4294967278,384
4294967279,450
4294967278,202
4294967279,423
4294967278,348
4294967279,422
4294967278,344
4294967278,383
4294967279,419
4294967279,196
4294967279,314
4294967279,418
4294967278,342
4294967278,382
4294967279,311
4294967279,188
4294967278,185
4294967279,416
4294967279,183
4294967279,415
4294967278,381
4294967278,380
4294967278,379
4294967278,346
4294967278,0
4294967279,449
4294967278,308
4294967278,338
4294967279,413
4294967279,412
4294967278,307
4294967278,169
4294967278,167
4294967279,300
4294967278,299
4294967278,298
4294967278,300
4294967279,299
4294967279,161
4294967279,160
4294967278,158
4294967279,159
4294967279,434
4294967279,158
4294967278,156
4294967279,448
4294967278,153
64,5
4294967279,153
64,4
4294967278,152
64,2
64,1
4294967278,358
4294967278,150
4294967279,150
4294967278,149
4294967279,403
4294967278,148
4294967279,148
4294967278,147
62,4
62,3
62,2
62,1
4294967279,401
4294967278,295
4294967279,295
4294967278,294
4294967279,293
4294967294,190
4294967294,1080
4294967294,1073
4294967279,294
4294967278,293
4294967279,141
4294967279,140
4294967278,139
4294967279,139
4294967279,138
4294967278,276
4294967279,137
4294967278,275
4294967279,133
4294967279,134
4294967278,274
4294967279,291
4294967278,272
4294967279,283
4294967278,271
4294967279,274
4294967278,332
4294967278,265
4294967278,282
61,5
61,4
4294967278,266
61,2
61,1
4294967278,281
4294967279,269
4294967278,278
59,4
59,3
59,2
59,1
4294967279,447
4294967279,275
4294967279,261
4294967278,286
4294967278,277
4294967279,395
4294967279,281
4294967279,430
4294967278,353
4294967294,11
4294967294,68
4294967279,392
4294967279,256
4294967278,25
4294967278,24
4294967278,23
4294967278,22
4294967278,21
4294967278,20
4294967278,19
4294967278,18
4294967278,17
4294967278,16
4294967278,15
4294967278,14
4294967278,13
4294967278,12
4294967278,11
4294967278,10
4294967278,9
4294967278,8
4294967278,7
4294967278,6
4294967278,5
4294967278,4
